cnt:        452
act:  7
<   512 x   512
>   512 x   512
minR: -7.58390359525563156E+01 
MAXR:  2.07230471096296248E-01 
minA: -3.14159265358979312E+00 
MAXA:  3.14159265358979312E+00 
